bsd/
bsd/c/
1 1BSD (PDP-11)
2 2BSD (PDP-11)
3 3BSD
4 4BSD
5 4.1BSD
6 4.2BSD
7 4.3BSD
8 4.4BSD
freebsd/1-13/c/
1, 2, 3, 4, 5, 6, 7, 8, 9, 10, 11, 12, 13
netbsd/0.8-9.0/c/
0.8, 0.9 1.0, 1.1, 1.2, 1.3, 1.4, 1.5, 1.6, 2.0, 3.0, 4.0, 5.0, 6.0, 7.0, 8.0, 9.0
openbsd/c
1.1
1.2
2.0
2.1
2.2
2.3
2.4
2.5
2.6
2.7
2.8
2.9
3.0
3.1
3.2
3.3
3.4
3.5
3.6
3.7
3.8
3.9
4.0
4.1
4.2
4.3
4.4
4.5
4.6
4.7
4.8
4.9
5.0
5.1
5.2
5.3
5.4
5.5
5.6
5.7
5.8
5.9
6.0
6.1
6.2
6.3
6.4
6.5
6.6
6.7
6.8
Reference: Darwin (as it is BSD Based)

